%YAML:1.0
---
R: !!opencv-matrix
   rows: 3
   cols: 3
   dt: d
   data: [ 9.9782815883691589e-01, -4.2524425007586936e-03,
       -6.5733417413886788e-02, 3.8978195806729020e-03,
       9.9997715604976256e-01, -5.5221717779701512e-03,
       6.5755398520935579e-02, 5.2539614964927407e-03,
       9.9782193975375499e-01 ]
T: !!opencv-matrix
   rows: 3
   cols: 1
   dt: d
   data: [ 2.2386338641438530e+00, -6.5249432906540838e-02,
       -1.3520230189594244e+00 ]
R1: !!opencv-matrix
   rows: 3
   cols: 3
   dt: d
   data: [ -8.1979193443743992e-01, 3.1295714741981798e-02,
       5.7180570342565562e-01, -3.5479867259209534e-02,
       -9.9936305451234531e-01, 3.8293987810278599e-03,
       5.7156133813492760e-01, -1.7148280221169980e-02,
       8.2038013946881172e-01 ]
R2: !!opencv-matrix
   rows: 3
   cols: 3
   dt: d
   data: [ -8.5573130277944276e-01, 2.4941989452164408e-02,
       5.1681895728152794e-01, -3.1404796164856655e-02,
       -9.9949966583165661e-01, -3.7625497007481917e-03,
       5.1646652962340289e-01, -1.9450325564753786e-02,
       8.5608644926443234e-01 ]
P1: !!opencv-matrix
   rows: 3
   cols: 4
   dt: d
   data: [ -1.9056642044709743e+03, 0., 3.9293062438964844e+03, 0., 0.,
       -1.9056642044709743e+03, 7.9567056274414063e+02, 0., 0., 0., 1.,
       0. ]
P2: !!opencv-matrix
   rows: 3
   cols: 4
   dt: d
   data: [ -1.9056642044709743e+03, 0., 3.9293062438964844e+03,
       4.9853083648560005e+03, 0., -1.9056642044709743e+03,
       7.9567056274414063e+02, 0., 0., 0., 1., 0. ]
Q: !!opencv-matrix
   rows: 4
   cols: 4
   dt: d
   data: [ 1., 0., 0., -3.9293062438964844e+03, 0., 1., 0.,
       -7.9567056274414063e+02, 0., 0., 0., -1.9056642044709743e+03, 0.,
       0., 3.8225603413120440e-01, 0. ]
