%YAML:1.0
---
M1: !!opencv-matrix
   rows: 3
   cols: 3
   dt: d
   data: [ 2.0209740595525352e+03, 0., 8.0044240018541655e+02, 0.,
       2.0245894224455949e+03, 5.9995116996421098e+02, 0., 0., 1. ]
D1: !!opencv-matrix
   rows: 1
   cols: 14
   dt: d
   data: [ 5.5106942888255961e-01, -2.3998116831284186e+01, 0., 0., 0.,
       0., 0., -2.1792954667610078e+02, 0., 0., 0., 0., 0., 0. ]
M2: !!opencv-matrix
   rows: 3
   cols: 3
   dt: d
   data: [ 2.0209740595525352e+03, 0., 7.9740512267950544e+02, 0.,
       2.0245894224455949e+03, 6.0362780136515698e+02, 0., 0., 1. ]
D2: !!opencv-matrix
   rows: 1
   cols: 14
   dt: d
   data: [ 6.4852680741297963e-02, -1.2386633951789715e+01, 0., 0., 0.,
       0., 0., -9.7005883274175545e+01, 0., 0., 0., 0., 0., 0. ]
